Accuracy: 0.9600

              precision    recall  f1-score   support

           0     1.0000    0.8333    0.9091        12
           1     0.9231    0.8571    0.8889        14
           2     0.9200    1.0000    0.9583        23
           3     0.9802    0.9900    0.9851       100
           4     0.9000    0.7500    0.8182        12
           5     1.0000    1.0000    1.0000        10
           6     0.9355    1.0000    0.9667        29

    accuracy                         0.9600       200
   macro avg     0.9513    0.9186    0.9323       200
weighted avg     0.9602    0.9600    0.9588       200
